b'per0'	b'per0'	1.0	2.0	2.0	2.0	2.0	0.0	2.0	2.0	2.0	2.0
b'per1'	b'per1'	1.0	2.0	2.0	2.0	2.0	1.0	2.0	2.0	1.0	1.0
b'per2'	b'per2'	2.0	2.0	1.0	2.0	1.0	0.0	2.0	2.0	2.0	0.0
b'per3'	b'per3'	2.0	2.0	2.0	2.0	1.0	2.0	1.0	2.0	0.0	2.0
b'per4'	b'per4'	2.0	2.0	2.0	1.0	2.0	2.0	2.0	2.0	2.0	1.0
b'per5'	b'per5'	2.0	1.0	2.0	2.0	2.0	1.0	2.0	2.0	2.0	2.0
b'per6'	b'per6'	0.0	1.0	2.0	1.0	2.0	1.0	2.0	1.0	1.0	1.0
b'per7'	b'per7'	0.0	2.0	1.0	1.0	2.0	1.0	1.0	2.0	1.0	2.0
b'per8'	b'per8'	1.0	2.0	2.0	2.0	1.0	1.0	2.0	2.0	2.0	1.0
b'per9'	b'per9'	1.0	2.0	2.0	2.0	1.0	1.0	2.0	2.0	0.0	0.0
b'per10'	b'per10'	1.0	2.0	1.0	2.0	2.0	1.0	2.0	2.0	1.0	1.0
b'per11'	b'per11'	2.0	2.0	2.0	2.0	2.0	2.0	1.0	2.0	2.0	1.0
b'per12'	b'per12'	2.0	2.0	0.0	2.0	1.0	1.0	2.0	2.0	2.0	1.0
b'per13'	b'per13'	1.0	2.0	1.0	2.0	2.0	1.0	2.0	2.0	2.0	1.0
b'per14'	b'per14'	1.0	2.0	2.0	0.0	1.0	2.0	2.0	2.0	2.0	1.0
b'per15'	b'per15'	2.0	2.0	2.0	1.0	1.0	1.0	2.0	1.0	2.0	2.0
b'per16'	b'per16'	1.0	1.0	1.0	1.0	2.0	0.0	2.0	2.0	2.0	0.0
b'per17'	b'per17'	2.0	2.0	2.0	2.0	2.0	0.0	2.0	2.0	2.0	1.0
b'per18'	b'per18'	1.0	2.0	0.0	1.0	2.0	1.0	2.0	2.0	1.0	1.0
b'per19'	b'per19'	2.0	1.0	1.0	2.0	1.0	0.0	2.0	2.0	1.0	1.0
b'per20'	b'per20'	1.0	1.0	2.0	2.0	1.0	0.0	2.0	1.0	2.0	1.0
b'per21'	b'per21'	2.0	2.0	1.0	2.0	1.0	1.0	2.0	2.0	1.0	2.0
b'per22'	b'per22'	0.0	0.0	1.0	1.0	2.0	1.0	2.0	2.0	1.0	2.0
b'per23'	b'per23'	2.0	2.0	1.0	1.0	2.0	1.0	2.0	2.0	2.0	2.0
b'per24'	b'per24'	2.0	2.0	1.0	1.0	2.0	1.0	2.0	2.0	2.0	1.0
b'per25'	b'per25'	2.0	2.0	2.0	1.0	2.0	1.0	1.0	2.0	0.0	2.0
b'per26'	b'per26'	2.0	0.0	2.0	2.0	2.0	2.0	2.0	1.0	2.0	1.0
b'per27'	b'per27'	2.0	2.0	2.0	2.0	1.0	0.0	2.0	1.0	2.0	1.0
b'per28'	b'per28'	2.0	2.0	2.0	2.0	1.0	1.0	2.0	1.0	2.0	2.0
b'per29'	b'per29'	2.0	2.0	1.0	2.0	1.0	1.0	2.0	2.0	1.0	2.0
b'per30'	b'per30'	1.0	1.0	1.0	2.0	2.0	1.0	2.0	2.0	2.0	0.0
b'per31'	b'per31'	0.0	2.0	1.0	1.0	1.0	2.0	2.0	2.0	2.0	2.0
b'per32'	b'per32'	2.0	2.0	0.0	1.0	2.0	0.0	2.0	2.0	1.0	0.0
b'per33'	b'per33'	0.0	2.0	2.0	2.0	2.0	1.0	2.0	2.0	1.0	2.0
b'per34'	b'per34'	1.0	2.0	1.0	2.0	2.0	2.0	1.0	2.0	2.0	2.0
b'per35'	b'per35'	1.0	2.0	2.0	2.0	2.0	2.0	2.0	1.0	1.0	0.0
b'per36'	b'per36'	2.0	2.0	2.0	1.0	1.0	1.0	2.0	1.0	1.0	1.0
b'per37'	b'per37'	2.0	1.0	2.0	2.0	1.0	1.0	2.0	2.0	1.0	2.0
b'per38'	b'per38'	1.0	2.0	2.0	2.0	1.0	0.0	1.0	2.0	2.0	1.0
b'per39'	b'per39'	2.0	1.0	2.0	1.0	2.0	1.0	2.0	2.0	2.0	0.0
b'per40'	b'per40'	2.0	2.0	0.0	2.0	2.0	2.0	1.0	2.0	2.0	2.0
b'per41'	b'per41'	1.0	2.0	1.0	2.0	2.0	1.0	2.0	2.0	2.0	2.0
b'per42'	b'per42'	1.0	1.0	1.0	2.0	1.0	1.0	2.0	2.0	2.0	0.0
b'per43'	b'per43'	1.0	1.0	2.0	1.0	2.0	0.0	2.0	2.0	2.0	0.0
b'per44'	b'per44'	2.0	0.0	2.0	2.0	2.0	1.0	2.0	1.0	2.0	2.0
b'per45'	b'per45'	1.0	2.0	2.0	1.0	0.0	0.0	1.0	2.0	0.0	2.0
b'per46'	b'per46'	1.0	2.0	1.0	2.0	2.0	1.0	2.0	2.0	0.0	2.0
b'per47'	b'per47'	2.0	1.0	2.0	1.0	2.0	0.0	1.0	1.0	2.0	1.0
b'per48'	b'per48'	2.0	2.0	0.0	1.0	1.0	1.0	1.0	1.0	2.0	1.0
b'per49'	b'per49'	1.0	2.0	0.0	2.0	2.0	2.0	2.0	1.0	1.0	2.0
b'per50'	b'per50'	1.0	1.0	1.0	2.0	2.0	1.0	2.0	2.0	2.0	1.0
b'per51'	b'per51'	0.0	2.0	1.0	2.0	2.0	2.0	2.0	2.0	2.0	1.0
b'per52'	b'per52'	0.0	1.0	2.0	2.0	1.0	1.0	2.0	1.0	0.0	1.0
b'per53'	b'per53'	2.0	2.0	2.0	2.0	2.0	2.0	1.0	2.0	1.0	2.0
b'per54'	b'per54'	2.0	2.0	2.0	1.0	1.0	1.0	2.0	1.0	1.0	1.0
b'per55'	b'per55'	1.0	1.0	2.0	2.0	2.0	2.0	1.0	2.0	2.0	1.0
b'per56'	b'per56'	1.0	1.0	2.0	1.0	0.0	2.0	2.0	2.0	2.0	0.0
b'per57'	b'per57'	1.0	0.0	1.0	1.0	2.0	1.0	2.0	2.0	0.0	1.0
b'per58'	b'per58'	2.0	1.0	2.0	2.0	2.0	1.0	1.0	2.0	1.0	2.0
b'per59'	b'per59'	2.0	2.0	1.0	2.0	2.0	0.0	2.0	1.0	1.0	2.0
b'per60'	b'per60'	2.0	2.0	2.0	2.0	2.0	1.0	2.0	2.0	2.0	2.0
b'per61'	b'per61'	1.0	2.0	1.0	1.0	2.0	2.0	2.0	2.0	1.0	1.0
b'per62'	b'per62'	0.0	2.0	2.0	2.0	2.0	1.0	2.0	2.0	0.0	1.0
b'per63'	b'per63'	2.0	2.0	2.0	2.0	2.0	2.0	2.0	2.0	0.0	2.0
b'per64'	b'per64'	1.0	2.0	1.0	2.0	2.0	1.0	1.0	2.0	2.0	1.0
b'per65'	b'per65'	1.0	2.0	1.0	1.0	2.0	2.0	2.0	2.0	1.0	1.0
b'per66'	b'per66'	1.0	1.0	2.0	1.0	2.0	2.0	2.0	2.0	0.0	2.0
b'per67'	b'per67'	2.0	2.0	2.0	1.0	2.0	0.0	2.0	2.0	2.0	2.0
b'per68'	b'per68'	2.0	2.0	2.0	2.0	2.0	2.0	1.0	2.0	0.0	2.0
b'per69'	b'per69'	1.0	1.0	1.0	1.0	2.0	1.0	2.0	2.0	2.0	2.0
b'per70'	b'per70'	2.0	1.0	1.0	1.0	2.0	2.0	2.0	2.0	2.0	1.0
b'per71'	b'per71'	0.0	1.0	2.0	1.0	2.0	0.0	2.0	2.0	2.0	1.0
b'per72'	b'per72'	2.0	2.0	1.0	2.0	1.0	0.0	2.0	2.0	1.0	1.0
b'per73'	b'per73'	1.0	1.0	2.0	1.0	2.0	0.0	2.0	2.0	2.0	1.0
b'per74'	b'per74'	1.0	2.0	1.0	1.0	2.0	2.0	2.0	2.0	1.0	2.0
b'per75'	b'per75'	1.0	2.0	1.0	2.0	2.0	1.0	2.0	2.0	2.0	2.0
b'per76'	b'per76'	2.0	2.0	2.0	1.0	2.0	0.0	2.0	2.0	1.0	1.0
b'per77'	b'per77'	1.0	1.0	2.0	2.0	2.0	1.0	2.0	2.0	2.0	0.0
b'per78'	b'per78'	1.0	1.0	1.0	2.0	2.0	1.0	2.0	1.0	2.0	1.0
b'per79'	b'per79'	1.0	2.0	2.0	1.0	0.0	2.0	2.0	1.0	0.0	1.0
b'per80'	b'per80'	1.0	2.0	2.0	1.0	2.0	2.0	2.0	0.0	1.0	1.0
b'per81'	b'per81'	1.0	2.0	1.0	1.0	1.0	1.0	2.0	2.0	1.0	1.0
b'per82'	b'per82'	2.0	1.0	1.0	1.0	2.0	0.0	1.0	2.0	2.0	2.0
b'per83'	b'per83'	1.0	0.0	2.0	1.0	1.0	0.0	1.0	2.0	2.0	2.0
b'per84'	b'per84'	2.0	2.0	2.0	1.0	2.0	0.0	2.0	2.0	2.0	1.0
b'per85'	b'per85'	1.0	2.0	2.0	2.0	2.0	0.0	2.0	1.0	1.0	1.0
b'per86'	b'per86'	0.0	2.0	2.0	0.0	2.0	2.0	2.0	2.0	1.0	0.0
b'per87'	b'per87'	0.0	2.0	2.0	2.0	2.0	1.0	2.0	2.0	2.0	2.0
b'per88'	b'per88'	1.0	1.0	1.0	2.0	1.0	1.0	2.0	1.0	2.0	1.0
b'per89'	b'per89'	2.0	2.0	0.0	1.0	1.0	0.0	2.0	2.0	2.0	2.0
b'per90'	b'per90'	1.0	1.0	1.0	1.0	2.0	2.0	2.0	2.0	1.0	1.0
b'per91'	b'per91'	2.0	2.0	2.0	2.0	1.0	1.0	2.0	2.0	2.0	2.0
b'per92'	b'per92'	2.0	2.0	2.0	1.0	2.0	2.0	2.0	2.0	2.0	1.0
b'per93'	b'per93'	2.0	2.0	2.0	1.0	1.0	1.0	1.0	2.0	1.0	1.0
b'per94'	b'per94'	0.0	2.0	2.0	2.0	2.0	1.0	0.0	2.0	2.0	1.0
b'per95'	b'per95'	2.0	2.0	2.0	2.0	1.0	2.0	2.0	2.0	1.0	1.0
b'per96'	b'per96'	2.0	2.0	1.0	1.0	2.0	1.0	1.0	2.0	1.0	1.0
b'per97'	b'per97'	2.0	1.0	2.0	0.0	2.0	0.0	1.0	1.0	1.0	1.0
b'per98'	b'per98'	1.0	2.0	2.0	2.0	1.0	2.0	1.0	2.0	1.0	0.0
b'per99'	b'per99'	0.0	1.0	2.0	1.0	1.0	1.0	2.0	2.0	0.0	1.0
b'per100'	b'per100'	2.0	1.0	2.0	1.0	2.0	2.0	1.0	2.0	1.0	2.0
b'per101'	b'per101'	1.0	2.0	0.0	2.0	0.0	2.0	2.0	1.0	1.0	2.0
b'per102'	b'per102'	2.0	2.0	1.0	2.0	2.0	1.0	2.0	1.0	2.0	0.0
b'per103'	b'per103'	1.0	2.0	2.0	2.0	1.0	2.0	2.0	1.0	2.0	1.0
b'per104'	b'per104'	0.0	1.0	1.0	1.0	2.0	0.0	2.0	1.0	2.0	1.0
b'per105'	b'per105'	1.0	2.0	1.0	2.0	1.0	0.0	2.0	1.0	0.0	0.0
b'per106'	b'per106'	1.0	2.0	2.0	1.0	1.0	2.0	2.0	2.0	2.0	0.0
b'per107'	b'per107'	1.0	1.0	2.0	2.0	2.0	1.0	2.0	1.0	2.0	2.0
b'per108'	b'per108'	2.0	1.0	1.0	1.0	1.0	1.0	1.0	2.0	2.0	1.0
b'per109'	b'per109'	1.0	1.0	1.0	0.0	1.0	1.0	1.0	2.0	1.0	1.0
b'per110'	b'per110'	0.0	2.0	1.0	2.0	2.0	1.0	2.0	2.0	2.0	1.0
b'per111'	b'per111'	0.0	1.0	2.0	2.0	0.0	0.0	2.0	2.0	2.0	1.0
b'per112'	b'per112'	1.0	2.0	2.0	1.0	1.0	0.0	2.0	2.0	2.0	1.0
b'per113'	b'per113'	0.0	2.0	2.0	1.0	1.0	1.0	2.0	1.0	1.0	2.0
b'per114'	b'per114'	2.0	1.0	1.0	2.0	1.0	1.0	2.0	2.0	2.0	1.0
b'per115'	b'per115'	2.0	2.0	2.0	2.0	1.0	1.0	2.0	1.0	2.0	1.0
b'per116'	b'per116'	1.0	2.0	2.0	2.0	1.0	1.0	2.0	1.0	2.0	2.0
b'per117'	b'per117'	1.0	2.0	2.0	1.0	1.0	0.0	2.0	2.0	0.0	1.0
b'per118'	b'per118'	1.0	1.0	2.0	2.0	0.0	1.0	2.0	2.0	1.0	2.0
b'per119'	b'per119'	2.0	1.0	1.0	1.0	2.0	1.0	2.0	1.0	1.0	0.0
b'per120'	b'per120'	2.0	2.0	1.0	2.0	2.0	1.0	2.0	1.0	1.0	1.0
b'per121'	b'per121'	1.0	2.0	2.0	0.0	2.0	0.0	2.0	2.0	2.0	0.0
b'per122'	b'per122'	1.0	0.0	2.0	2.0	1.0	0.0	1.0	2.0	2.0	2.0
b'per123'	b'per123'	1.0	2.0	2.0	1.0	2.0	2.0	2.0	2.0	1.0	1.0
b'per124'	b'per124'	1.0	2.0	2.0	2.0	1.0	0.0	2.0	2.0	1.0	1.0
b'per125'	b'per125'	2.0	2.0	2.0	2.0	1.0	2.0	2.0	2.0	0.0	1.0
b'per126'	b'per126'	1.0	2.0	1.0	1.0	2.0	1.0	2.0	2.0	0.0	1.0
b'per127'	b'per127'	1.0	1.0	1.0	2.0	2.0	1.0	2.0	2.0	2.0	0.0
b'per128'	b'per128'	2.0	2.0	1.0	2.0	2.0	1.0	2.0	2.0	1.0	2.0
b'per129'	b'per129'	0.0	2.0	2.0	2.0	0.0	0.0	2.0	2.0	1.0	1.0
b'per130'	b'per130'	1.0	2.0	2.0	1.0	1.0	1.0	2.0	2.0	1.0	1.0
b'per131'	b'per131'	1.0	2.0	1.0	2.0	2.0	2.0	2.0	2.0	2.0	0.0
b'per132'	b'per132'	1.0	2.0	0.0	0.0	2.0	1.0	1.0	2.0	1.0	1.0
b'per133'	b'per133'	1.0	1.0	2.0	2.0	2.0	1.0	1.0	2.0	2.0	2.0
b'per134'	b'per134'	2.0	2.0	2.0	2.0	2.0	1.0	2.0	1.0	2.0	1.0
b'per135'	b'per135'	1.0	2.0	2.0	1.0	2.0	1.0	2.0	2.0	0.0	2.0
b'per136'	b'per136'	1.0	1.0	2.0	2.0	2.0	1.0	2.0	2.0	1.0	1.0
b'per137'	b'per137'	1.0	2.0	2.0	2.0	1.0	1.0	2.0	2.0	2.0	1.0
b'per138'	b'per138'	1.0	2.0	2.0	0.0	1.0	0.0	1.0	1.0	2.0	1.0
b'per139'	b'per139'	0.0	1.0	1.0	2.0	2.0	2.0	1.0	2.0	1.0	0.0
b'per140'	b'per140'	0.0	1.0	2.0	2.0	2.0	2.0	2.0	1.0	2.0	1.0
b'per141'	b'per141'	2.0	2.0	1.0	1.0	2.0	1.0	1.0	1.0	1.0	1.0
b'per142'	b'per142'	2.0	2.0	0.0	2.0	2.0	1.0	2.0	2.0	1.0	0.0
b'per143'	b'per143'	1.0	2.0	2.0	2.0	1.0	0.0	2.0	2.0	2.0	1.0
b'per144'	b'per144'	1.0	1.0	1.0	2.0	2.0	1.0	1.0	2.0	2.0	2.0
b'per145'	b'per145'	2.0	2.0	1.0	2.0	2.0	2.0	2.0	2.0	2.0	2.0
b'per146'	b'per146'	2.0	2.0	2.0	2.0	2.0	1.0	2.0	2.0	2.0	2.0
b'per147'	b'per147'	2.0	2.0	2.0	2.0	1.0	0.0	0.0	2.0	1.0	1.0
b'per148'	b'per148'	1.0	1.0	2.0	2.0	1.0	1.0	2.0	1.0	1.0	2.0
b'per149'	b'per149'	1.0	2.0	2.0	1.0	2.0	0.0	2.0	1.0	1.0	1.0
b'per150'	b'per150'	2.0	2.0	2.0	2.0	1.0	1.0	2.0	1.0	0.0	1.0
b'per151'	b'per151'	1.0	2.0	2.0	1.0	2.0	2.0	1.0	2.0	2.0	2.0
b'per152'	b'per152'	0.0	1.0	2.0	2.0	2.0	2.0	1.0	2.0	2.0	2.0
b'per153'	b'per153'	2.0	2.0	2.0	2.0	1.0	2.0	1.0	2.0	2.0	0.0
b'per154'	b'per154'	1.0	2.0	2.0	2.0	1.0	1.0	1.0	2.0	1.0	0.0
b'per155'	b'per155'	1.0	2.0	0.0	2.0	1.0	1.0	2.0	1.0	1.0	2.0
b'per156'	b'per156'	1.0	1.0	2.0	2.0	2.0	1.0	2.0	2.0	2.0	1.0
b'per157'	b'per157'	0.0	2.0	2.0	2.0	1.0	1.0	1.0	1.0	2.0	1.0
b'per158'	b'per158'	1.0	2.0	1.0	2.0	1.0	2.0	2.0	2.0	1.0	1.0
b'per159'	b'per159'	1.0	2.0	1.0	1.0	2.0	2.0	2.0	2.0	1.0	1.0
b'per160'	b'per160'	2.0	2.0	2.0	2.0	2.0	2.0	2.0	2.0	0.0	1.0
b'per161'	b'per161'	2.0	1.0	0.0	1.0	2.0	1.0	2.0	2.0	2.0	1.0
b'per162'	b'per162'	0.0	2.0	1.0	1.0	1.0	2.0	2.0	1.0	2.0	0.0
b'per163'	b'per163'	2.0	2.0	2.0	2.0	2.0	1.0	2.0	2.0	1.0	1.0
b'per164'	b'per164'	1.0	1.0	1.0	2.0	1.0	0.0	2.0	2.0	1.0	1.0
b'per165'	b'per165'	0.0	2.0	2.0	1.0	0.0	2.0	1.0	2.0	2.0	0.0
b'per166'	b'per166'	1.0	2.0	2.0	1.0	2.0	1.0	2.0	2.0	1.0	2.0
b'per167'	b'per167'	1.0	2.0	1.0	1.0	1.0	2.0	2.0	2.0	1.0	0.0
b'per168'	b'per168'	1.0	2.0	2.0	2.0	1.0	0.0	2.0	2.0	1.0	2.0
b'per169'	b'per169'	2.0	1.0	1.0	1.0	2.0	2.0	2.0	2.0	2.0	0.0
b'per170'	b'per170'	2.0	2.0	1.0	1.0	0.0	1.0	2.0	1.0	1.0	0.0
b'per171'	b'per171'	1.0	2.0	2.0	2.0	0.0	0.0	2.0	2.0	2.0	1.0
b'per172'	b'per172'	1.0	1.0	1.0	2.0	1.0	1.0	2.0	2.0	2.0	0.0
b'per173'	b'per173'	2.0	1.0	0.0	2.0	2.0	2.0	1.0	2.0	2.0	1.0
b'per174'	b'per174'	1.0	2.0	2.0	2.0	1.0	2.0	1.0	2.0	2.0	0.0
b'per175'	b'per175'	1.0	2.0	1.0	2.0	2.0	1.0	2.0	2.0	2.0	2.0
b'per176'	b'per176'	2.0	1.0	2.0	1.0	1.0	1.0	2.0	2.0	2.0	1.0
b'per177'	b'per177'	2.0	1.0	1.0	2.0	2.0	0.0	2.0	2.0	1.0	0.0
b'per178'	b'per178'	1.0	2.0	2.0	1.0	1.0	0.0	2.0	1.0	2.0	0.0
b'per179'	b'per179'	2.0	2.0	2.0	1.0	2.0	2.0	2.0	2.0	1.0	1.0
b'per180'	b'per180'	1.0	2.0	1.0	2.0	2.0	2.0	1.0	2.0	2.0	1.0
b'per181'	b'per181'	1.0	1.0	2.0	1.0	1.0	1.0	2.0	2.0	2.0	2.0
b'per182'	b'per182'	0.0	2.0	1.0	2.0	2.0	1.0	2.0	2.0	1.0	2.0
b'per183'	b'per183'	2.0	1.0	2.0	1.0	0.0	0.0	2.0	1.0	1.0	0.0
b'per184'	b'per184'	2.0	2.0	1.0	1.0	1.0	2.0	2.0	2.0	2.0	1.0
b'per185'	b'per185'	1.0	2.0	2.0	1.0	1.0	1.0	2.0	2.0	2.0	1.0
b'per186'	b'per186'	1.0	2.0	2.0	1.0	1.0	0.0	2.0	1.0	1.0	1.0
b'per187'	b'per187'	1.0	1.0	2.0	0.0	1.0	0.0	2.0	2.0	2.0	2.0
b'per188'	b'per188'	1.0	2.0	1.0	2.0	2.0	1.0	2.0	1.0	2.0	1.0
b'per189'	b'per189'	1.0	2.0	1.0	2.0	2.0	1.0	1.0	2.0	2.0	2.0
b'per190'	b'per190'	1.0	2.0	2.0	2.0	2.0	0.0	1.0	2.0	1.0	1.0
b'per191'	b'per191'	2.0	1.0	1.0	1.0	1.0	1.0	2.0	2.0	2.0	1.0
b'per192'	b'per192'	2.0	1.0	2.0	2.0	1.0	1.0	2.0	2.0	2.0	1.0
b'per193'	b'per193'	2.0	1.0	2.0	2.0	1.0	0.0	1.0	2.0	2.0	1.0
b'per194'	b'per194'	1.0	2.0	2.0	1.0	2.0	1.0	2.0	2.0	0.0	0.0
b'per195'	b'per195'	2.0	0.0	0.0	2.0	1.0	1.0	2.0	2.0	1.0	1.0
b'per196'	b'per196'	2.0	1.0	1.0	1.0	2.0	2.0	2.0	2.0	1.0	2.0
b'per197'	b'per197'	0.0	1.0	1.0	1.0	1.0	2.0	0.0	2.0	1.0	1.0
b'per198'	b'per198'	1.0	1.0	2.0	1.0	2.0	0.0	1.0	2.0	2.0	1.0
b'per199'	b'per199'	0.0	2.0	2.0	1.0	1.0	1.0	2.0	2.0	1.0	1.0
b'per200'	b'per200'	1.0	2.0	1.0	2.0	2.0	1.0	2.0	2.0	1.0	1.0
b'per201'	b'per201'	0.0	2.0	2.0	2.0	2.0	0.0	1.0	1.0	2.0	2.0
b'per202'	b'per202'	1.0	2.0	1.0	2.0	2.0	2.0	2.0	1.0	1.0	1.0
b'per203'	b'per203'	2.0	2.0	2.0	2.0	2.0	1.0	2.0	2.0	0.0	0.0
b'per204'	b'per204'	1.0	2.0	1.0	0.0	2.0	0.0	2.0	2.0	1.0	1.0
b'per205'	b'per205'	1.0	2.0	2.0	1.0	1.0	1.0	2.0	2.0	1.0	1.0
b'per206'	b'per206'	1.0	2.0	0.0	2.0	2.0	1.0	2.0	2.0	2.0	1.0
b'per207'	b'per207'	2.0	1.0	2.0	2.0	1.0	1.0	2.0	2.0	0.0	2.0
b'per208'	b'per208'	0.0	2.0	2.0	1.0	2.0	1.0	2.0	1.0	1.0	1.0
b'per209'	b'per209'	1.0	2.0	2.0	1.0	1.0	0.0	2.0	2.0	1.0	1.0
b'per210'	b'per210'	2.0	2.0	0.0	1.0	0.0	1.0	2.0	2.0	1.0	2.0
b'per211'	b'per211'	1.0	2.0	2.0	2.0	2.0	1.0	1.0	2.0	2.0	1.0
b'per212'	b'per212'	1.0	2.0	2.0	2.0	2.0	2.0	2.0	1.0	1.0	1.0
b'per213'	b'per213'	1.0	2.0	2.0	2.0	2.0	1.0	2.0	2.0	2.0	1.0
b'per214'	b'per214'	1.0	2.0	2.0	1.0	2.0	1.0	2.0	2.0	1.0	2.0
b'per215'	b'per215'	1.0	1.0	1.0	1.0	2.0	1.0	2.0	2.0	2.0	1.0
b'per216'	b'per216'	0.0	2.0	1.0	1.0	2.0	0.0	1.0	2.0	2.0	0.0
b'per217'	b'per217'	1.0	2.0	2.0	1.0	2.0	2.0	2.0	2.0	0.0	0.0
b'per218'	b'per218'	2.0	2.0	2.0	1.0	1.0	1.0	2.0	2.0	0.0	1.0
b'per219'	b'per219'	2.0	1.0	0.0	1.0	1.0	0.0	2.0	2.0	2.0	2.0
b'per220'	b'per220'	1.0	2.0	1.0	1.0	1.0	1.0	2.0	2.0	1.0	1.0
b'per221'	b'per221'	1.0	2.0	2.0	1.0	1.0	1.0	2.0	1.0	1.0	1.0
b'per222'	b'per222'	2.0	1.0	2.0	2.0	1.0	2.0	1.0	2.0	1.0	1.0
b'per223'	b'per223'	0.0	1.0	2.0	2.0	1.0	2.0	2.0	2.0	1.0	2.0
b'per224'	b'per224'	0.0	2.0	2.0	2.0	1.0	2.0	2.0	2.0	2.0	0.0
b'per225'	b'per225'	1.0	2.0	2.0	2.0	2.0	0.0	2.0	2.0	2.0	1.0
b'per226'	b'per226'	1.0	1.0	2.0	2.0	2.0	2.0	1.0	1.0	2.0	2.0
b'per227'	b'per227'	1.0	2.0	2.0	2.0	2.0	2.0	1.0	1.0	1.0	1.0
b'per228'	b'per228'	2.0	2.0	2.0	2.0	1.0	1.0	2.0	2.0	1.0	1.0
b'per229'	b'per229'	1.0	2.0	2.0	2.0	1.0	1.0	1.0	2.0	1.0	2.0
b'per230'	b'per230'	2.0	1.0	2.0	2.0	2.0	0.0	2.0	2.0	1.0	1.0
b'per231'	b'per231'	1.0	2.0	2.0	2.0	2.0	1.0	2.0	2.0	0.0	0.0
b'per232'	b'per232'	1.0	2.0	1.0	1.0	2.0	2.0	2.0	2.0	2.0	0.0
b'per233'	b'per233'	1.0	2.0	2.0	2.0	2.0	2.0	2.0	1.0	2.0	2.0
b'per234'	b'per234'	0.0	1.0	2.0	1.0	1.0	0.0	2.0	1.0	2.0	1.0
b'per235'	b'per235'	2.0	2.0	2.0	1.0	2.0	1.0	2.0	2.0	2.0	1.0
b'per236'	b'per236'	2.0	2.0	2.0	2.0	2.0	1.0	2.0	2.0	1.0	0.0
b'per237'	b'per237'	1.0	1.0	2.0	2.0	0.0	0.0	2.0	2.0	1.0	2.0
b'per238'	b'per238'	1.0	0.0	2.0	1.0	2.0	0.0	2.0	2.0	1.0	2.0
b'per239'	b'per239'	0.0	2.0	2.0	2.0	1.0	0.0	0.0	2.0	1.0	1.0
b'per240'	b'per240'	0.0	2.0	2.0	2.0	2.0	2.0	2.0	2.0	2.0	2.0
b'per241'	b'per241'	0.0	2.0	2.0	1.0	2.0	1.0	2.0	2.0	2.0	1.0
b'per242'	b'per242'	1.0	1.0	1.0	2.0	2.0	0.0	2.0	2.0	2.0	0.0
b'per243'	b'per243'	2.0	2.0	1.0	1.0	2.0	1.0	2.0	2.0	2.0	1.0
b'per244'	b'per244'	1.0	1.0	1.0	1.0	0.0	1.0	1.0	2.0	2.0	0.0
b'per245'	b'per245'	2.0	2.0	1.0	2.0	2.0	2.0	2.0	2.0	2.0	1.0
b'per246'	b'per246'	0.0	2.0	2.0	2.0	2.0	1.0	2.0	2.0	1.0	2.0
b'per247'	b'per247'	1.0	2.0	1.0	2.0	1.0	2.0	2.0	2.0	2.0	2.0
b'per248'	b'per248'	1.0	2.0	2.0	1.0	1.0	0.0	2.0	2.0	2.0	2.0
b'per249'	b'per249'	1.0	2.0	2.0	1.0	1.0	1.0	2.0	2.0	2.0	0.0
b'per250'	b'per250'	1.0	0.0	2.0	2.0	2.0	1.0	2.0	2.0	1.0	2.0
b'per251'	b'per251'	0.0	2.0	2.0	2.0	1.0	2.0	1.0	2.0	2.0	1.0
b'per252'	b'per252'	2.0	1.0	1.0	2.0	2.0	0.0	2.0	2.0	2.0	2.0
b'per253'	b'per253'	1.0	2.0	2.0	2.0	1.0	1.0	2.0	2.0	1.0	2.0
b'per254'	b'per254'	2.0	2.0	2.0	2.0	2.0	1.0	2.0	1.0	2.0	1.0
b'per255'	b'per255'	2.0	1.0	1.0	2.0	1.0	1.0	2.0	2.0	2.0	1.0
b'per256'	b'per256'	2.0	1.0	2.0	1.0	0.0	2.0	2.0	2.0	1.0	2.0
b'per257'	b'per257'	2.0	1.0	2.0	2.0	2.0	2.0	2.0	2.0	1.0	1.0
b'per258'	b'per258'	2.0	2.0	1.0	1.0	1.0	1.0	2.0	2.0	1.0	2.0
b'per259'	b'per259'	0.0	2.0	2.0	1.0	1.0	2.0	1.0	2.0	2.0	2.0
b'per260'	b'per260'	1.0	2.0	2.0	2.0	2.0	1.0	0.0	1.0	1.0	1.0
b'per261'	b'per261'	2.0	2.0	2.0	1.0	2.0	1.0	2.0	2.0	2.0	1.0
b'per262'	b'per262'	1.0	1.0	2.0	2.0	2.0	1.0	2.0	2.0	1.0	2.0
b'per263'	b'per263'	2.0	2.0	1.0	2.0	2.0	2.0	2.0	2.0	1.0	1.0
b'per264'	b'per264'	1.0	2.0	2.0	2.0	0.0	1.0	2.0	2.0	1.0	1.0
b'per265'	b'per265'	2.0	2.0	2.0	0.0	2.0	2.0	2.0	1.0	2.0	1.0
b'per266'	b'per266'	1.0	1.0	2.0	2.0	1.0	0.0	2.0	2.0	2.0	2.0
b'per267'	b'per267'	2.0	2.0	2.0	1.0	2.0	1.0	2.0	2.0	2.0	1.0
b'per268'	b'per268'	1.0	2.0	2.0	2.0	2.0	1.0	2.0	2.0	2.0	1.0
b'per269'	b'per269'	1.0	2.0	2.0	0.0	2.0	1.0	2.0	2.0	1.0	1.0
b'per270'	b'per270'	1.0	1.0	1.0	2.0	2.0	2.0	2.0	1.0	1.0	2.0
b'per271'	b'per271'	1.0	2.0	1.0	2.0	1.0	1.0	2.0	2.0	1.0	1.0
b'per272'	b'per272'	2.0	1.0	2.0	1.0	2.0	1.0	2.0	2.0	2.0	1.0
b'per273'	b'per273'	2.0	1.0	2.0	2.0	0.0	2.0	2.0	1.0	1.0	1.0
b'per274'	b'per274'	1.0	0.0	1.0	2.0	2.0	0.0	2.0	2.0	2.0	0.0
b'per275'	b'per275'	1.0	2.0	2.0	2.0	2.0	1.0	2.0	2.0	2.0	2.0
b'per276'	b'per276'	1.0	2.0	1.0	2.0	2.0	1.0	2.0	2.0	1.0	0.0
b'per277'	b'per277'	1.0	1.0	1.0	2.0	2.0	1.0	1.0	2.0	0.0	0.0
b'per278'	b'per278'	1.0	2.0	1.0	2.0	2.0	1.0	2.0	2.0	2.0	0.0
b'per279'	b'per279'	0.0	1.0	2.0	1.0	2.0	1.0	2.0	2.0	1.0	2.0
b'per280'	b'per280'	1.0	2.0	2.0	1.0	2.0	0.0	2.0	2.0	2.0	0.0
b'per281'	b'per281'	1.0	2.0	2.0	1.0	2.0	1.0	2.0	1.0	2.0	1.0
b'per282'	b'per282'	0.0	2.0	2.0	1.0	2.0	0.0	1.0	2.0	1.0	1.0
b'per283'	b'per283'	1.0	1.0	1.0	1.0	2.0	1.0	2.0	2.0	1.0	2.0
b'per284'	b'per284'	1.0	2.0	2.0	1.0	1.0	0.0	1.0	2.0	2.0	0.0
b'per285'	b'per285'	0.0	1.0	2.0	1.0	1.0	0.0	2.0	2.0	2.0	0.0
b'per286'	b'per286'	1.0	1.0	2.0	2.0	2.0	1.0	2.0	2.0	1.0	2.0
b'per287'	b'per287'	1.0	2.0	2.0	2.0	1.0	1.0	1.0	2.0	1.0	1.0
b'per288'	b'per288'	2.0	1.0	2.0	1.0	2.0	2.0	2.0	2.0	2.0	1.0
b'per289'	b'per289'	1.0	2.0	2.0	2.0	1.0	0.0	2.0	1.0	2.0	1.0
b'per290'	b'per290'	1.0	1.0	2.0	0.0	1.0	1.0	2.0	1.0	1.0	0.0
b'per291'	b'per291'	2.0	2.0	2.0	2.0	1.0	1.0	2.0	2.0	2.0	1.0
b'per292'	b'per292'	2.0	2.0	2.0	2.0	1.0	0.0	2.0	2.0	1.0	1.0
b'per293'	b'per293'	1.0	2.0	2.0	2.0	2.0	1.0	2.0	2.0	2.0	2.0
b'per294'	b'per294'	2.0	2.0	1.0	2.0	2.0	0.0	1.0	2.0	2.0	1.0
b'per295'	b'per295'	2.0	1.0	1.0	2.0	1.0	1.0	1.0	2.0	2.0	0.0
b'per296'	b'per296'	0.0	2.0	2.0	1.0	1.0	2.0	2.0	2.0	0.0	0.0
b'per297'	b'per297'	2.0	2.0	2.0	1.0	2.0	1.0	2.0	2.0	2.0	1.0
b'per298'	b'per298'	1.0	1.0	2.0	2.0	1.0	2.0	1.0	2.0	2.0	1.0
b'per299'	b'per299'	0.0	2.0	1.0	2.0	2.0	0.0	1.0	1.0	1.0	2.0
b'per300'	b'per300'	0.0	1.0	2.0	2.0	2.0	1.0	2.0	2.0	2.0	1.0
b'per301'	b'per301'	1.0	2.0	2.0	1.0	1.0	1.0	2.0	2.0	1.0	1.0
b'per302'	b'per302'	1.0	2.0	1.0	2.0	1.0	2.0	1.0	2.0	1.0	1.0
b'per303'	b'per303'	0.0	1.0	2.0	2.0	1.0	2.0	2.0	1.0	2.0	0.0
b'per304'	b'per304'	0.0	2.0	2.0	2.0	0.0	2.0	2.0	2.0	2.0	2.0
b'per305'	b'per305'	2.0	2.0	1.0	1.0	2.0	2.0	2.0	2.0	2.0	1.0
b'per306'	b'per306'	1.0	2.0	2.0	0.0	1.0	1.0	1.0	2.0	2.0	1.0
b'per307'	b'per307'	1.0	2.0	1.0	1.0	2.0	1.0	2.0	2.0	1.0	1.0
b'per308'	b'per308'	1.0	2.0	1.0	1.0	2.0	2.0	2.0	2.0	1.0	0.0
b'per309'	b'per309'	2.0	2.0	2.0	2.0	2.0	0.0	2.0	1.0	1.0	1.0
b'per310'	b'per310'	2.0	2.0	2.0	1.0	2.0	1.0	2.0	2.0	2.0	2.0
b'per311'	b'per311'	0.0	2.0	1.0	2.0	1.0	1.0	2.0	2.0	2.0	0.0
b'per312'	b'per312'	0.0	2.0	2.0	2.0	1.0	1.0	2.0	2.0	2.0	2.0
b'per313'	b'per313'	1.0	1.0	2.0	1.0	1.0	1.0	2.0	2.0	2.0	1.0
b'per314'	b'per314'	1.0	2.0	2.0	1.0	1.0	1.0	2.0	1.0	2.0	0.0
b'per315'	b'per315'	2.0	2.0	2.0	2.0	2.0	0.0	2.0	1.0	1.0	0.0
b'per316'	b'per316'	1.0	1.0	2.0	2.0	2.0	1.0	1.0	2.0	1.0	0.0
b'per317'	b'per317'	2.0	2.0	2.0	1.0	2.0	1.0	2.0	2.0	1.0	0.0
b'per318'	b'per318'	1.0	2.0	1.0	1.0	2.0	1.0	2.0	2.0	1.0	1.0
b'per319'	b'per319'	0.0	1.0	2.0	2.0	1.0	1.0	2.0	0.0	1.0	1.0
b'per320'	b'per320'	0.0	2.0	2.0	1.0	2.0	1.0	2.0	2.0	1.0	0.0
b'per321'	b'per321'	1.0	1.0	1.0	2.0	2.0	1.0	2.0	2.0	2.0	2.0
b'per322'	b'per322'	2.0	1.0	2.0	1.0	2.0	1.0	1.0	2.0	0.0	1.0
b'per323'	b'per323'	2.0	2.0	2.0	2.0	2.0	1.0	1.0	2.0	2.0	2.0
b'per324'	b'per324'	2.0	2.0	2.0	2.0	2.0	1.0	2.0	2.0	0.0	2.0
b'per325'	b'per325'	2.0	2.0	2.0	1.0	1.0	0.0	2.0	1.0	2.0	2.0
b'per326'	b'per326'	1.0	2.0	2.0	1.0	2.0	2.0	2.0	1.0	1.0	2.0
b'per327'	b'per327'	0.0	2.0	2.0	1.0	1.0	2.0	2.0	1.0	2.0	0.0
b'per328'	b'per328'	1.0	2.0	1.0	1.0	2.0	1.0	2.0	2.0	2.0	2.0
b'per329'	b'per329'	1.0	2.0	1.0	2.0	1.0	1.0	2.0	2.0	1.0	1.0
b'per330'	b'per330'	2.0	2.0	1.0	1.0	2.0	1.0	2.0	1.0	0.0	2.0
b'per331'	b'per331'	1.0	2.0	1.0	1.0	2.0	0.0	2.0	2.0	1.0	1.0
b'per332'	b'per332'	2.0	2.0	2.0	1.0	2.0	1.0	2.0	1.0	1.0	1.0
b'per333'	b'per333'	0.0	2.0	2.0	2.0	2.0	2.0	2.0	2.0	1.0	1.0
b'per334'	b'per334'	0.0	2.0	1.0	2.0	2.0	1.0	2.0	2.0	1.0	0.0
b'per335'	b'per335'	2.0	2.0	0.0	2.0	2.0	2.0	2.0	2.0	2.0	1.0
b'per336'	b'per336'	2.0	2.0	2.0	2.0	1.0	1.0	2.0	2.0	2.0	1.0
b'per337'	b'per337'	1.0	2.0	2.0	1.0	2.0	0.0	2.0	2.0	1.0	0.0
b'per338'	b'per338'	1.0	2.0	1.0	2.0	1.0	0.0	1.0	2.0	2.0	2.0
b'per339'	b'per339'	1.0	1.0	2.0	2.0	2.0	0.0	1.0	2.0	2.0	0.0
b'per340'	b'per340'	2.0	1.0	1.0	0.0	2.0	1.0	2.0	2.0	1.0	2.0
b'per341'	b'per341'	2.0	2.0	2.0	2.0	2.0	1.0	1.0	2.0	1.0	0.0
b'per342'	b'per342'	2.0	1.0	2.0	2.0	2.0	0.0	2.0	2.0	2.0	1.0
b'per343'	b'per343'	1.0	2.0	1.0	1.0	2.0	1.0	2.0	1.0	0.0	1.0
b'per344'	b'per344'	1.0	2.0	2.0	2.0	2.0	1.0	2.0	2.0	2.0	0.0
b'per345'	b'per345'	2.0	2.0	2.0	1.0	1.0	1.0	2.0	1.0	1.0	1.0
b'per346'	b'per346'	0.0	2.0	2.0	2.0	2.0	2.0	2.0	2.0	2.0	1.0
b'per347'	b'per347'	2.0	1.0	2.0	1.0	1.0	0.0	2.0	1.0	2.0	0.0
b'per348'	b'per348'	1.0	2.0	1.0	1.0	1.0	0.0	1.0	2.0	2.0	0.0
b'per349'	b'per349'	2.0	2.0	2.0	1.0	1.0	1.0	2.0	1.0	2.0	0.0
b'per350'	b'per350'	2.0	2.0	1.0	2.0	1.0	1.0	2.0	1.0	2.0	1.0
b'per351'	b'per351'	0.0	2.0	1.0	2.0	2.0	1.0	2.0	2.0	1.0	2.0
b'per352'	b'per352'	0.0	2.0	2.0	2.0	1.0	1.0	2.0	2.0	2.0	1.0
b'per353'	b'per353'	2.0	2.0	2.0	2.0	1.0	0.0	1.0	2.0	1.0	0.0
b'per354'	b'per354'	2.0	1.0	2.0	1.0	2.0	0.0	2.0	2.0	1.0	0.0
b'per355'	b'per355'	0.0	1.0	2.0	1.0	1.0	2.0	2.0	2.0	2.0	2.0
b'per356'	b'per356'	1.0	0.0	1.0	2.0	1.0	1.0	2.0	2.0	2.0	1.0
b'per357'	b'per357'	1.0	1.0	1.0	2.0	1.0	2.0	2.0	1.0	2.0	2.0
b'per358'	b'per358'	1.0	1.0	2.0	1.0	2.0	0.0	2.0	2.0	2.0	1.0
b'per359'	b'per359'	1.0	0.0	2.0	2.0	1.0	1.0	2.0	2.0	2.0	2.0
b'per360'	b'per360'	1.0	1.0	2.0	2.0	2.0	2.0	2.0	2.0	1.0	1.0
b'per361'	b'per361'	1.0	2.0	2.0	1.0	1.0	1.0	2.0	2.0	2.0	1.0
b'per362'	b'per362'	1.0	2.0	2.0	2.0	2.0	0.0	2.0	2.0	1.0	2.0
b'per363'	b'per363'	2.0	1.0	2.0	2.0	1.0	1.0	2.0	2.0	0.0	0.0
b'per364'	b'per364'	1.0	2.0	2.0	1.0	2.0	2.0	1.0	2.0	1.0	0.0
b'per365'	b'per365'	2.0	2.0	2.0	1.0	2.0	2.0	1.0	1.0	2.0	1.0
b'per366'	b'per366'	1.0	2.0	2.0	1.0	2.0	0.0	2.0	2.0	0.0	1.0
b'per367'	b'per367'	2.0	2.0	2.0	2.0	0.0	1.0	1.0	1.0	2.0	0.0
b'per368'	b'per368'	2.0	2.0	1.0	2.0	1.0	2.0	2.0	1.0	2.0	1.0
b'per369'	b'per369'	2.0	2.0	2.0	2.0	2.0	0.0	2.0	2.0	2.0	1.0
b'per370'	b'per370'	1.0	2.0	1.0	1.0	1.0	2.0	2.0	2.0	2.0	2.0
b'per371'	b'per371'	1.0	2.0	2.0	2.0	2.0	1.0	2.0	2.0	2.0	0.0
b'per372'	b'per372'	2.0	1.0	2.0	2.0	2.0	2.0	0.0	2.0	1.0	0.0
b'per373'	b'per373'	2.0	2.0	1.0	2.0	1.0	2.0	1.0	1.0	2.0	1.0
b'per374'	b'per374'	0.0	2.0	2.0	2.0	1.0	1.0	2.0	2.0	2.0	1.0
b'per375'	b'per375'	2.0	1.0	2.0	1.0	2.0	2.0	2.0	2.0	2.0	0.0
b'per376'	b'per376'	2.0	2.0	1.0	2.0	2.0	2.0	1.0	2.0	1.0	1.0
b'per377'	b'per377'	1.0	2.0	1.0	2.0	1.0	0.0	2.0	2.0	1.0	1.0
b'per378'	b'per378'	2.0	2.0	2.0	1.0	1.0	0.0	2.0	2.0	2.0	0.0
b'per379'	b'per379'	2.0	2.0	2.0	1.0	1.0	1.0	2.0	1.0	1.0	1.0
b'per380'	b'per380'	0.0	2.0	1.0	2.0	2.0	1.0	1.0	1.0	2.0	0.0
b'per381'	b'per381'	2.0	2.0	2.0	2.0	2.0	0.0	2.0	1.0	1.0	1.0
b'per382'	b'per382'	2.0	2.0	2.0	2.0	1.0	2.0	2.0	2.0	2.0	1.0
b'per383'	b'per383'	1.0	1.0	2.0	2.0	1.0	2.0	2.0	2.0	2.0	1.0
b'per384'	b'per384'	0.0	2.0	2.0	1.0	2.0	0.0	2.0	2.0	2.0	0.0
b'per385'	b'per385'	1.0	2.0	2.0	2.0	2.0	1.0	2.0	2.0	1.0	2.0
b'per386'	b'per386'	1.0	2.0	1.0	2.0	2.0	1.0	2.0	2.0	1.0	1.0
b'per387'	b'per387'	2.0	2.0	2.0	2.0	2.0	2.0	2.0	2.0	1.0	0.0
b'per388'	b'per388'	1.0	2.0	1.0	2.0	1.0	1.0	2.0	2.0	1.0	1.0
b'per389'	b'per389'	1.0	2.0	1.0	2.0	2.0	1.0	2.0	2.0	0.0	1.0
b'per390'	b'per390'	1.0	2.0	2.0	2.0	2.0	1.0	2.0	2.0	2.0	1.0
b'per391'	b'per391'	2.0	2.0	2.0	2.0	2.0	1.0	2.0	2.0	1.0	1.0
b'per392'	b'per392'	0.0	1.0	2.0	2.0	1.0	1.0	2.0	2.0	1.0	0.0
b'per393'	b'per393'	2.0	1.0	1.0	2.0	2.0	1.0	2.0	1.0	1.0	1.0
b'per394'	b'per394'	2.0	1.0	1.0	2.0	1.0	1.0	2.0	1.0	0.0	1.0
b'per395'	b'per395'	2.0	2.0	2.0	2.0	2.0	1.0	2.0	2.0	1.0	1.0
b'per396'	b'per396'	1.0	0.0	1.0	2.0	1.0	1.0	2.0	2.0	0.0	1.0
b'per397'	b'per397'	2.0	2.0	2.0	2.0	2.0	1.0	2.0	1.0	1.0	1.0
b'per398'	b'per398'	2.0	2.0	2.0	1.0	2.0	1.0	2.0	2.0	1.0	2.0
b'per399'	b'per399'	1.0	2.0	2.0	1.0	1.0	1.0	2.0	2.0	2.0	0.0
b'per400'	b'per400'	0.0	2.0	2.0	2.0	2.0	1.0	2.0	2.0	2.0	1.0
b'per401'	b'per401'	1.0	2.0	2.0	0.0	1.0	0.0	2.0	2.0	2.0	1.0
b'per402'	b'per402'	2.0	2.0	1.0	1.0	1.0	2.0	2.0	2.0	2.0	2.0
b'per403'	b'per403'	2.0	2.0	1.0	2.0	2.0	0.0	2.0	2.0	2.0	1.0
b'per404'	b'per404'	0.0	1.0	2.0	2.0	1.0	1.0	2.0	2.0	1.0	1.0
b'per405'	b'per405'	2.0	2.0	2.0	2.0	1.0	0.0	2.0	2.0	2.0	0.0
b'per406'	b'per406'	1.0	2.0	2.0	1.0	1.0	1.0	2.0	2.0	1.0	2.0
b'per407'	b'per407'	0.0	2.0	2.0	0.0	1.0	2.0	2.0	1.0	1.0	2.0
b'per408'	b'per408'	1.0	2.0	2.0	2.0	2.0	1.0	2.0	2.0	1.0	1.0
b'per409'	b'per409'	2.0	2.0	2.0	2.0	0.0	1.0	2.0	2.0	1.0	1.0
b'per410'	b'per410'	1.0	1.0	2.0	2.0	1.0	0.0	2.0	2.0	0.0	2.0
b'per411'	b'per411'	0.0	2.0	2.0	1.0	1.0	1.0	1.0	2.0	1.0	1.0
b'per412'	b'per412'	2.0	2.0	2.0	0.0	2.0	1.0	2.0	2.0	2.0	2.0
b'per413'	b'per413'	1.0	2.0	2.0	2.0	2.0	2.0	2.0	2.0	0.0	0.0
b'per414'	b'per414'	1.0	1.0	0.0	1.0	1.0	0.0	2.0	2.0	1.0	1.0
b'per415'	b'per415'	1.0	2.0	1.0	1.0	1.0	2.0	2.0	2.0	2.0	1.0
b'per416'	b'per416'	2.0	2.0	2.0	1.0	2.0	0.0	2.0	2.0	1.0	1.0
b'per417'	b'per417'	1.0	2.0	1.0	1.0	2.0	2.0	2.0	2.0	2.0	1.0
b'per418'	b'per418'	1.0	2.0	1.0	1.0	0.0	1.0	2.0	1.0	2.0	2.0
b'per419'	b'per419'	2.0	1.0	2.0	2.0	1.0	1.0	2.0	2.0	1.0	2.0
b'per420'	b'per420'	1.0	2.0	2.0	1.0	1.0	1.0	2.0	2.0	1.0	1.0
b'per421'	b'per421'	0.0	1.0	1.0	2.0	0.0	1.0	2.0	2.0	2.0	1.0
b'per422'	b'per422'	2.0	1.0	2.0	0.0	2.0	1.0	1.0	2.0	2.0	1.0
b'per423'	b'per423'	1.0	2.0	1.0	1.0	1.0	2.0	2.0	2.0	1.0	1.0
b'per424'	b'per424'	2.0	1.0	1.0	2.0	2.0	1.0	1.0	2.0	2.0	1.0
b'per425'	b'per425'	2.0	1.0	1.0	2.0	2.0	0.0	2.0	2.0	1.0	1.0
b'per426'	b'per426'	0.0	2.0	2.0	1.0	2.0	1.0	2.0	2.0	1.0	1.0
b'per427'	b'per427'	2.0	2.0	1.0	2.0	0.0	1.0	2.0	2.0	1.0	1.0
b'per428'	b'per428'	1.0	0.0	2.0	1.0	1.0	2.0	2.0	2.0	2.0	1.0
b'per429'	b'per429'	1.0	1.0	2.0	2.0	0.0	0.0	2.0	2.0	1.0	2.0
b'per430'	b'per430'	1.0	2.0	2.0	1.0	1.0	0.0	2.0	2.0	2.0	2.0
b'per431'	b'per431'	0.0	1.0	2.0	2.0	2.0	1.0	2.0	2.0	1.0	2.0
b'per432'	b'per432'	2.0	2.0	2.0	1.0	1.0	0.0	1.0	2.0	1.0	0.0
b'per433'	b'per433'	1.0	1.0	1.0	1.0	2.0	1.0	2.0	2.0	1.0	0.0
b'per434'	b'per434'	1.0	2.0	2.0	1.0	1.0	0.0	2.0	2.0	1.0	1.0
b'per435'	b'per435'	2.0	2.0	1.0	2.0	1.0	1.0	2.0	2.0	2.0	2.0
b'per436'	b'per436'	0.0	1.0	1.0	2.0	0.0	1.0	2.0	2.0	2.0	1.0
b'per437'	b'per437'	2.0	2.0	2.0	2.0	1.0	1.0	2.0	2.0	1.0	1.0
b'per438'	b'per438'	2.0	2.0	1.0	0.0	2.0	0.0	1.0	1.0	0.0	1.0
b'per439'	b'per439'	2.0	2.0	2.0	2.0	2.0	0.0	1.0	2.0	1.0	1.0
b'per440'	b'per440'	1.0	2.0	2.0	2.0	2.0	1.0	2.0	2.0	2.0	1.0
b'per441'	b'per441'	1.0	1.0	2.0	2.0	2.0	1.0	2.0	2.0	1.0	1.0
b'per442'	b'per442'	2.0	1.0	2.0	1.0	2.0	1.0	1.0	2.0	2.0	2.0
b'per443'	b'per443'	2.0	2.0	1.0	2.0	1.0	1.0	2.0	2.0	1.0	1.0
b'per444'	b'per444'	1.0	2.0	2.0	1.0	2.0	1.0	2.0	2.0	1.0	1.0
b'per445'	b'per445'	2.0	1.0	1.0	0.0	2.0	2.0	2.0	1.0	2.0	2.0
b'per446'	b'per446'	2.0	1.0	2.0	2.0	2.0	2.0	2.0	0.0	1.0	1.0
b'per447'	b'per447'	0.0	2.0	0.0	2.0	2.0	0.0	2.0	2.0	1.0	1.0
b'per448'	b'per448'	1.0	2.0	2.0	2.0	1.0	2.0	1.0	2.0	1.0	0.0
b'per449'	b'per449'	1.0	2.0	1.0	1.0	2.0	0.0	2.0	2.0	1.0	1.0
b'per450'	b'per450'	1.0	2.0	2.0	2.0	1.0	0.0	1.0	2.0	2.0	0.0
b'per451'	b'per451'	2.0	2.0	2.0	1.0	2.0	2.0	1.0	2.0	1.0	2.0
b'per452'	b'per452'	0.0	1.0	2.0	2.0	2.0	2.0	2.0	2.0	2.0	1.0
b'per453'	b'per453'	2.0	0.0	2.0	1.0	0.0	1.0	2.0	1.0	1.0	1.0
b'per454'	b'per454'	1.0	2.0	1.0	1.0	2.0	1.0	2.0	2.0	2.0	0.0
b'per455'	b'per455'	2.0	1.0	2.0	1.0	2.0	1.0	2.0	1.0	2.0	2.0
b'per456'	b'per456'	1.0	2.0	1.0	2.0	1.0	1.0	2.0	2.0	1.0	0.0
b'per457'	b'per457'	1.0	2.0	2.0	1.0	2.0	1.0	1.0	2.0	2.0	1.0
b'per458'	b'per458'	1.0	1.0	2.0	2.0	2.0	2.0	1.0	2.0	1.0	1.0
b'per459'	b'per459'	1.0	2.0	2.0	1.0	2.0	1.0	1.0	1.0	2.0	1.0
b'per460'	b'per460'	2.0	2.0	1.0	2.0	1.0	1.0	2.0	2.0	2.0	1.0
b'per461'	b'per461'	0.0	2.0	2.0	2.0	1.0	1.0	1.0	1.0	0.0	1.0
b'per462'	b'per462'	1.0	0.0	2.0	2.0	1.0	0.0	2.0	2.0	2.0	1.0
b'per463'	b'per463'	1.0	1.0	1.0	1.0	2.0	1.0	2.0	2.0	2.0	1.0
b'per464'	b'per464'	1.0	2.0	0.0	1.0	2.0	0.0	2.0	2.0	2.0	1.0
b'per465'	b'per465'	2.0	2.0	1.0	1.0	1.0	1.0	2.0	2.0	1.0	0.0
b'per466'	b'per466'	1.0	2.0	2.0	2.0	2.0	1.0	2.0	2.0	1.0	0.0
b'per467'	b'per467'	1.0	1.0	2.0	2.0	2.0	1.0	2.0	2.0	1.0	2.0
b'per468'	b'per468'	1.0	2.0	1.0	1.0	2.0	1.0	2.0	2.0	2.0	2.0
b'per469'	b'per469'	1.0	2.0	1.0	1.0	1.0	0.0	0.0	2.0	1.0	0.0
b'per470'	b'per470'	2.0	2.0	2.0	1.0	1.0	1.0	2.0	2.0	2.0	1.0
b'per471'	b'per471'	1.0	2.0	2.0	2.0	1.0	1.0	2.0	2.0	1.0	2.0
b'per472'	b'per472'	1.0	1.0	1.0	1.0	1.0	1.0	2.0	2.0	2.0	1.0
b'per473'	b'per473'	2.0	2.0	1.0	1.0	2.0	1.0	2.0	2.0	1.0	0.0
b'per474'	b'per474'	2.0	1.0	1.0	2.0	1.0	2.0	2.0	2.0	2.0	1.0
b'per475'	b'per475'	0.0	2.0	2.0	2.0	1.0	2.0	2.0	1.0	2.0	2.0
b'per476'	b'per476'	2.0	1.0	2.0	2.0	1.0	0.0	2.0	2.0	2.0	1.0
b'per477'	b'per477'	2.0	2.0	1.0	1.0	1.0	1.0	2.0	2.0	1.0	0.0
b'per478'	b'per478'	1.0	2.0	2.0	2.0	1.0	1.0	2.0	2.0	0.0	1.0
b'per479'	b'per479'	2.0	2.0	1.0	1.0	2.0	2.0	2.0	2.0	2.0	2.0
b'per480'	b'per480'	1.0	2.0	2.0	1.0	0.0	1.0	2.0	1.0	2.0	1.0
b'per481'	b'per481'	0.0	2.0	2.0	2.0	1.0	1.0	2.0	2.0	2.0	0.0
b'per482'	b'per482'	1.0	2.0	1.0	2.0	2.0	0.0	1.0	2.0	2.0	1.0
b'per483'	b'per483'	1.0	2.0	2.0	0.0	2.0	1.0	2.0	2.0	1.0	0.0
b'per484'	b'per484'	1.0	2.0	2.0	2.0	2.0	2.0	2.0	2.0	2.0	1.0
b'per485'	b'per485'	0.0	2.0	2.0	0.0	1.0	1.0	2.0	2.0	1.0	0.0
b'per486'	b'per486'	1.0	2.0	2.0	1.0	1.0	2.0	2.0	2.0	2.0	1.0
b'per487'	b'per487'	0.0	0.0	2.0	2.0	2.0	2.0	2.0	2.0	1.0	1.0
b'per488'	b'per488'	1.0	2.0	1.0	2.0	1.0	1.0	2.0	2.0	1.0	1.0
b'per489'	b'per489'	1.0	2.0	2.0	1.0	2.0	0.0	2.0	2.0	1.0	1.0
b'per490'	b'per490'	0.0	2.0	2.0	2.0	2.0	1.0	2.0	2.0	2.0	2.0
b'per491'	b'per491'	1.0	2.0	1.0	2.0	1.0	0.0	2.0	2.0	1.0	1.0
b'per492'	b'per492'	2.0	2.0	2.0	2.0	2.0	0.0	0.0	2.0	2.0	0.0
b'per493'	b'per493'	2.0	1.0	2.0	2.0	2.0	1.0	2.0	2.0	2.0	0.0
b'per494'	b'per494'	1.0	1.0	2.0	2.0	1.0	0.0	2.0	2.0	2.0	2.0
b'per495'	b'per495'	0.0	2.0	2.0	2.0	1.0	2.0	2.0	2.0	1.0	0.0
b'per496'	b'per496'	1.0	2.0	1.0	1.0	2.0	0.0	1.0	2.0	2.0	2.0
b'per497'	b'per497'	1.0	1.0	2.0	2.0	2.0	1.0	2.0	2.0	2.0	2.0
b'per498'	b'per498'	2.0	2.0	2.0	1.0	2.0	1.0	2.0	2.0	1.0	1.0
b'per499'	b'per499'	2.0	1.0	2.0	2.0	1.0	2.0	2.0	2.0	0.0	1.0
